69
10
138
100
6
100
67
160
29
203
251
135
129
183
173
78
38
237
92
148
18
182
91
230
85
154
82
5
3
110
135
229
110
185
72
7
42
151
191
207
139
207
4
160
5
142
174
135
249
225
71
33
236
66
172
255
224
40
79
201
114
167
119
56
181
235
232
178
75
174
121
6
132
99
8
188
213
219
163
65
59
12
38
8
102
230
200
116
161
21
46
112
31
215
17
120
58
239
23
58
248
251
156
22
112
15
136
76
254
239
127
253
48
243
223
227
230
56
237
2
254
160
108
183
2
242
233
24
57
139
121
104
198
253
146
225
157
79
126
102
216
234
179
231
40
70
227
38
164
104
245
95
232
43
20
163
56
102
44
200
128
125
158
155
91
89
173
52
187
98
177
65
230
48
81
49
221
110
78
90
50
89
196
89
249
75
189
105
185
122
128
252
229
169
10
35
179
72
255
223
155
88
74
124
248
79
15
30
233
17
255
84
133
167
96
203
30
49
227
237
200
157
27
164
116
171
38
5
81
17
162
133
229
239
252
201
234
146
28
13
96
161
104
115
184
14
87
180
169
107
52
211
6
192
231
16
110
226
248
61
103
237
195
147
2
69
164
78
120
5
41
114
90
98
122
61
147
126
156
233
45
182
205
127
49
200
174
28
186
234
201
84
49
103
196
212
107
164
143
112
182
152
53
223
89
237
84
145
232
220
154
57
111
2
75
170
138
36
23
133
12
8
136
68
171
55
88
19
27
27
196
81
27
126
69
194
122
158
255
47
3
132
35
253
148
106
215
54
112
118
191
56
100
3
249
82
247
223
125
142
2
126
109
4
77
163
53
170
121
131
164
125
15
136
212
69
10
138
100
6
100
67
160
29
203
251
135
129
183
173
78
38
237
92
148
18
182
91
230
85
154
82
5
3
110
135
229
110
185
72
7
42
151
191
207
139
207
4
160
5
142
174
135
249
225
71
33
236
66
172
255
224
40
79
201
114
167
119
56
181
235
232
178
75
174
121
6
132
99
8
188
213
219
163
65
59
12
38
8
102
230
200
116
161
21
46
112
31
215
17
120
58
239
23
58
248
251
156
22
112
15
136
76
254
239
127
253
48
243
223
227
230
56
237
2
254
160
108
183
2
242
233
24
57
139
121
104
198
253
146
225
157
79
126
102
216
234
179
231
40
70
227
38
164
104
245
95
232
43
20
163
56
102
44
200
128
125
158
155
91
89
173
52
187
98
177
65
230
48
81
49
221
110
78
90
50
89
196
89
249
75
189
105
185
122
128
252
229
169
10
35
179
72
255
223
155
88
74
124
248
79
15
30
233
17
255
84
133
167
96
203
30
49
227
237
200
157
27
164
116
171
38
5
81
17
162
133
229
239
252
201
234
146
28
13
96
161
104
115
184
14
87
180
169
107
52
211
6
192
231
16
110
226
248
61
103
237
195
147
2
69
164
78
120
5
41
114
90
98
122
61
147
126
156
233
45
182
205
127
49
200
174
28
186
234
201
84
49
103
196
212
107
164
143
112
182
152
53
223
89
237
84
145
232
220
154
57
111
2
75
170
138
36
23
133
12
8
136
68
171
55
88
19
27
27
196
81
27
126
69
194
122
158
255
47
3
132
35
253
148
106
215
54
112
118
191
56
100
3
249
82
247
223
125
142
2
126
109
4
77
163
53
170
121
131
164
125
15
136
212
69
10
138
100
6
100
67
160
29
203
251
135
129
183
173
78
38
237
92
148
18
182
91
230
85
154
82
5
3
110
135
229
110
185
72
7
42
151
191
207
139
207
4
160
5
142
174
135
249
225
71
33
236
66
172
255
224
40
79
201
114
167
119
56
181
235
232
178
75
174
121
6
132
99
8
188
213
219
163
65
59
12
38
8
102
230
200
116
161
21
46
112
31
215
17
120
58
239
23
58
248
251
156
22
112
15
136
76
254
239
127
253
48
243
223
227
230
56
237
2
254
160
108
183
2
242
233
24
57
139
121
104
198
253
146
225
157
79
126
102
216
234
179
231
40
70
227
38
164
104
245
95
232
43
20
163
56
102
44
200
128
125
158
155
91
89
173
52
187
98
177
65
230
48
81
49
221
110
78
90
50
89
196
89
249
75
189
105
185
122
128
252
229
169
10
35
179
72
255
223
155
88
74
124
248
79
15
30
233
17
255
84
133
167
96
203
30
49
227
237
200
157
27
164
116
171
38
5
81
17
162
133
229
239
252
201
234
146
28
13
96
161
104
115
184
14
87
180
169
107
52
211
6
192
231
16
110
226
248
61
103
237
195
147
2
69
164
78
120
5
41
114
90
98
122
61
147
126
156
233
45
182
205
127
49
200
174
28
186
234
201
84
49
103
196
212
107
164
143
112
182
152
53
223
89
237
84
145
232
220
154
57
111
2
75
170
138
36
23
133
12
8
136
68
171
55
88
19
27
27
196
81
27
126
69
194
122
158
255
47
3
132
35
253
148
106
215
54
112
118
191
56
100
3
249
82
247
223
125
142
2
126
109
4
77
163
53
170
121
131
164
125
15
136
212
69
10
138
100
6
100
67
160
29
203
251
135
129
183
173
78
38
237
92
148
18
182
91
230
85
154
82
5
3
110
135
229
110
185
72
7
42
151
191
207
139
207
4
160
5
142
174
135
249
225
71
33
236
66
172
255
224
40
79
201
114
167
119
56
181
235
232
178
75
174
121
6
132
99
8
188
213
219
163
65
59
12
38
8
102
230
200
116
161
21
46
112
31
215
17
120
58
239
23
58
248
251
156
22
112
15
136
76
254
239
127
253
48
243
223
227
230
56
237
2
254
160
108
183
2
242
233
24
57
139
121
104
198
253
146
225
157
79
126
102
216
234
179
231
40
70
227
38
164
104
245
95
232
43
20
163
56
102
44
200
128
125
158
155
91
89
173
52
187
98
177
65
230
48
81
49
221
110
78
90
50
89
196
89
249
75
189
105
185
122
128
252
229
169
10
35
179
72
255
223
155
88
74
124
248
79
15
30
233
17
255
84
133
167
96
203
30
49
227
237
200
157
27
164
116
171
38
5
81
17
162
133
229
239
252
201
234
146
28
13
96
161
104
115
184
14
87
180
169
107
52
211
6
192
231
16
110
226
248
61
103
237
195
147
2
69
164
78
120
5
41
114
90
98
122
61
147
126
156
233
45
182
205
127
49
200
174
28
186
234
201
84
49
103
196
212
107
164
143
112
182
152
53
223
89
237
84
145
232
220
154
57
111
2
75
170
138
36
23
133
12
8
136
68
171
55
88
19
27
27
196
81
27
126
69
194
122
158
255
47
3
132
35
253
148
106
215
54
112
118
191
56
100
3
249
82
247
223
125
142
2
126
109
4
77
163
53
170
121
131
164
125
15
136
212
